30
20 5 10 1 15 1 16 14 9 10 12 9 20 16 7 15 16 15 16 7 19 
35 6 3 13 12 20 15 13 18 6 17 6 19 7 14 12 15 9 1 1 18 15 3 16 5 13 17 18 2 11 15 3 7 1 10 11 
15 17 9 6 5 20 3 14 17 2 14 18 1 19 19 5 
10 7 2 13 7 17 10 18 3 11 18 
12 1 19 10 16 14 15 1 4 7 8 20 5 
21 13 4 18 17 19 10 13 20 20 20 10 7 7 16 18 8 7 7 14 5 6 
10 2 8 20 20 17 15 18 17 5 14 
12 11 20 5 11 3 11 11 7 8 10 1 12 
11 2 14 16 9 9 5 12 16 2 12 12 
1 2 
23 11 12 9 4 20 6 19 4 20 5 12 15 3 2 3 13 6 11 6 7 10 12 7 
8 14 4 1 13 6 17 4 5 
8 8 11 15 4 6 19 4 4 
9 7 9 16 4 10 6 14 2 18 
2 19 10 
27 6 10 12 12 19 3 2 4 19 8 19 5 19 18 4 6 6 5 16 8 3 17 19 16 11 10 1 
23 4 10 17 9 7 7 17 20 19 9 9 12 5 11 18 5 10 6 7 17 7 10 10 
16 3 17 20 3 1 10 12 6 11 4 1 4 10 8 14 8 
1 7 
2 9 14 
20 11 2 3 17 13 3 11 6 7 1 14 13 4 12 18 18 15 15 2 20 
16 1 17 11 4 12 5 12 6 1 19 20 19 5 12 10 15 
17 1 14 2 2 14 11 3 6 14 15 8 5 4 2 15 11 6 
35 7 14 15 13 11 17 3 5 17 12 17 10 12 13 4 17 5 1 6 3 8 4 3 12 18 6 12 16 9 9 12 2 1 8 15 
23 11 15 17 18 6 5 8 20 6 5 12 19 17 19 2 4 12 14 2 6 5 16 12 
15 15 8 15 1 20 6 15 8 13 3 16 4 8 4 4 
5 17 2 11 3 15 
35 6 11 6 16 5 5 5 17 7 9 17 5 14 10 10 11 16 11 11 2 3 15 3 17 11 12 10 20 1 6 7 11 5 15 9 
4 16 18 9 9 
9 19 20 20 3 15 14 14 7 2 
